[decals]
{
	[t:decal,n:*]
	{
		decal_orientation = 0.000000,-1.000000,0.000000,0.000000,0.000000,-1.000000,1.000000,0.000000,0.000000;
		decal_origin = -30.165953,-1.450000,-10.950103,0x4A2F5B95;
	  f far_plane = 1.100000;
	  x guid = 0x78288C3B;
	  f horizontal_meters = 3.000000;
	  f lod = 1.000000;
	  f near_plane = 0.100000;
		texture = Art\Bitmaps\Decals\b_d_rug-03.%img%;
	  f vertical_meters = 3.000000;
	}
	[t:decal,n:*]
	{
		decal_orientation = 0.000000,-1.000000,0.000000,0.000000,0.000000,-1.000000,1.000000,0.000000,0.000000;
		decal_origin = -13.320755,-16.500000,-9.163460,0xBBCA898A;
	  f far_plane = 1.100000;
	  x guid = 0xE4DB7E37;
	  f horizontal_meters = 3.000000;
	  f lod = 1.000000;
	  f near_plane = 0.100000;
		texture = Art\Bitmaps\Decals\b_d_rug-02.%img%;
	  f vertical_meters = 3.000000;
	}
	[t:decal,n:*]
	{
		decal_orientation = 0.000000,-1.000000,0.000000,0.000000,0.000000,-1.000000,1.000000,0.000000,0.000000;
		decal_origin = -37.606106,1.500000,11.410987,0x8FDD9BFC;
	  f far_plane = 1.100000;
	  x guid = 0xF1061DF6;
	  f horizontal_meters = 3.000000;
	  f lod = 1.000000;
	  f near_plane = 0.100000;
		texture = Art\Bitmaps\Decals\b_d_rug-02.%img%;
	  f vertical_meters = 3.000000;
	}
	[t:decal,n:*]
	{
		decal_orientation = 0.000000,-1.000000,0.000000,0.000000,0.000000,-1.000000,1.000000,0.000000,0.000000;
		decal_origin = -25.603163,1.500000,8.773231,0x8FDD9BFC;
	  f far_plane = 1.100000;
	  x guid = 0x5D0CA84B;
	  f horizontal_meters = 3.000000;
	  f lod = 1.000000;
	  f near_plane = 0.100000;
		texture = Art\Bitmaps\Decals\b_d_rug-02.%img%;
	  f vertical_meters = 3.000000;
	}
	[t:decal,n:*]
	{
		decal_orientation = -0.707107,-0.707107,0.000000,0.000000,0.000000,-1.000000,0.707107,-0.707107,0.000000;
		decal_origin = -23.071547,1.500000,10.628074,0x8FDD9BFC;
	  f far_plane = 1.100000;
	  x guid = 0xDB19C580;
	  f horizontal_meters = 3.000000;
	  f lod = 1.000000;
	  f near_plane = 0.100000;
		texture = Art\Bitmaps\Decals\b_d_rug-01.%img%;
	  f vertical_meters = 3.000000;
	}
	[t:decal,n:*]
	{
		decal_orientation = 0.000000,-1.000000,0.000000,0.000000,0.000000,-1.000000,1.000000,0.000000,0.000000;
		decal_origin = -9.042511,6.700000,15.545883,0x08B0CCDC;
	  f far_plane = 1.100000;
	  x guid = 0xB60711AD;
	  f horizontal_meters = 3.000000;
	  f lod = 1.000000;
	  f near_plane = 0.100000;
		texture = Art\Bitmaps\Decals\b_d_rug-02.%img%;
	  f vertical_meters = 3.000000;
	}
	[t:decal,n:*]
	{
		decal_orientation = 0.707107,-0.707107,0.000000,0.000000,0.000000,-1.000000,0.707107,0.707107,0.000000;
		decal_origin = -9.063995,6.700003,11.606308,0x08B0CCDC;
	  f far_plane = 1.100000;
	  x guid = 0x4F11F6A0;
	  f horizontal_meters = 3.000000;
	  f lod = 1.000000;
	  f near_plane = 0.100000;
		texture = Art\Bitmaps\Decals\b_d_rug-02.%img%;
	  f vertical_meters = 3.000000;
	}
	[t:decal,n:*]
	{
		decal_orientation = 0.000000,0.995037,0.099504,0.000000,0.099504,-0.995037,-1.000000,0.000000,0.000000;
		decal_origin = 19.248516,15.279839,25.831400,0xC348D0E5;
	  f far_plane = 1.100000;
	  x guid = 0x23343C37;
	  f horizontal_meters = 4.000000;
	  f lod = 0.000000;
	  f near_plane = 0.100000;
		texture = Art\Bitmaps\Decals\b_d_sand-desert.%img%;
	  f vertical_meters = 4.000000;
	}
	[t:decal,n:*]
	{
		decal_orientation = 0.995037,-0.092639,-0.036316,0.000000,0.364974,-0.931018,0.099503,0.926397,0.363163;
		decal_origin = 16.724838,14.988104,25.758743,0xC348D0E5;
	  f far_plane = 1.100000;
	  x guid = 0xC91ACE8C;
	  f horizontal_meters = 3.000000;
	  f lod = 0.000000;
	  f near_plane = 0.100000;
		texture = Art\Bitmaps\Decals\b_d_sand-desert.%img%;
	  f vertical_meters = 3.000000;
	}
	[t:decal,n:*]
	{
		decal_orientation = 0.970142,-0.196116,-0.142696,0.000000,0.588349,-0.808607,0.242536,0.784464,0.570782;
		decal_origin = 15.729660,14.687386,25.096359,0xC348D0E5;
	  f far_plane = 1.100000;
	  x guid = 0x94D17950;
	  f horizontal_meters = 2.000000;
	  f lod = 0.000000;
	  f near_plane = 0.100000;
		texture = Art\Bitmaps\Decals\b_d_sand-desert.%img%;
	  f vertical_meters = 2.000000;
	}
	[t:decal,n:*]
	{
		decal_orientation = 0.995037,-0.082665,-0.055385,0.000000,0.556612,-0.830773,0.099503,0.826650,0.553849;
		decal_origin = 17.785248,14.592682,25.354202,0xC348D0E5;
	  f far_plane = 1.100000;
	  x guid = 0x37DBB167;
	  f horizontal_meters = 2.000000;
	  f lod = 0.000000;
	  f near_plane = 0.100000;
		texture = Art\Bitmaps\Decals\b_d_sand-desert.%img%;
	  f vertical_meters = 2.000000;
	}
	[t:decal,n:*]
	{
		decal_orientation = 0.000000,-1.000000,0.000000,0.000000,0.000000,-1.000000,1.000000,0.000000,0.000000;
		decal_origin = -3.162697,1.000000,-2.334641,0x7BFCAD2F;
	  f far_plane = 1.100000;
	  x guid = 0x3633255D;
	  f horizontal_meters = 3.000000;
	  f lod = 0.000000;
	  f near_plane = 0.100000;
		texture = Art\Bitmaps\Decals\b_d_sand-desert.%img%;
	  f vertical_meters = 3.000000;
	}
	[t:decal,n:*]
	{
		decal_orientation = 0.707107,-0.707107,0.000000,0.000000,0.000000,-1.000000,0.707107,0.707107,0.000000;
		decal_origin = 23.216902,-4.450000,-5.718994,0x1A1AECA3;
	  f far_plane = 1.100000;
	  x guid = 0xC98DF250;
	  f horizontal_meters = 3.000000;
	  f lod = 1.000000;
	  f near_plane = 0.100000;
		texture = Art\Bitmaps\Decals\b_d_rug-02.%img%;
	  f vertical_meters = 3.000000;
	}
	[t:decal,n:*]
	{
		decal_orientation = 0.000000,-1.000000,0.000000,0.000000,0.000000,-1.000000,1.000000,0.000000,0.000000;
		decal_origin = 10.930267,1.550001,14.330162,0xA8EB1594;
	  f far_plane = 1.100000;
	  x guid = 0xB53CD3E2;
	  f horizontal_meters = 3.000000;
	  f lod = 1.000000;
	  f near_plane = 0.100000;
		texture = Art\Bitmaps\Decals\b_d_rug-02.%img%;
	  f vertical_meters = 3.000000;
	}
	[t:decal,n:*]
	{
		decal_orientation = 0.000000,-1.000000,0.000000,0.000000,0.000000,-1.000000,1.000000,0.000000,0.000000;
		decal_origin = 30.565411,-16.650002,-25.330889,0x8F2ADF84;
	  f far_plane = 1.100000;
	  x guid = 0xBD587130;
	  f horizontal_meters = 5.000000;
	  f lod = 1.000000;
	  f near_plane = 0.100000;
		texture = Art\Bitmaps\Decals\b_d_sand-desert.%img%;
	  f vertical_meters = 5.000000;
	}
	[t:decal,n:*]
	{
		decal_orientation = 0.000000,-1.000000,0.000000,0.000000,0.000000,-1.000000,1.000000,0.000000,0.000000;
		decal_origin = 27.726288,-16.650002,-25.050137,0x8F2ADF84;
	  f far_plane = 1.100000;
	  x guid = 0x6B77779B;
	  f horizontal_meters = 5.000000;
	  f lod = 1.000000;
	  f near_plane = 0.100000;
		texture = Art\Bitmaps\Decals\b_d_sand-desert.%img%;
	  f vertical_meters = 5.000000;
	}
}
